239.2,16.168,-3.3985,10.293,9.8709,-10.66,-7.242,-31.227,12.427,-10.197,-7.8045,-0.57694,-17.208,2.4067,1.4228,23.897,5.8532,-15.562,-12.529,-11.646,-1.0857,5.7501,24.553,8.0998,-6.9224,-46.556,-6.8217,-10.711,-22.341,-12.24,-14.794,-3.4105,-27.653,9.6592,-23.731,-10.043,14.507,-3.7523,-8.9058,-21.009,9.8856,-13.176,22.853,3.13,-1.2067,-10.033,-8.709,7.7946,0.43052,-3.3107,42.702,26.766,26.036,-5.4814,5.4364,-6.6966,15.97,1.3134,10.469,4.6563,1.2392,-6.6921,0.80612,7.3547,-12.208,-14.79,13.916,20.446,9.3816,-0.85077,-18.066,27.658,-14.93,26.328,20.177,-11.146,1.9664,-19.718,-16.544,-9.214,-17.775,3.9154,2.3056,14.468,-16.237,-14.427,-23.01,24.224,-1.261,-9.3819,7.0327,12.262,12.149,13.199,-4.2811,9.5022,-25.741,-21.157,-15.197,-5.0749,-17.86,-0.61908,-8.5775,-14.978,25.663,7.3069,-8.2992,25.308,3.0181,-4.4422,18.432,-0.91423,1.8813,8.2566,-20.985,9.7037,11.769,3.0142,-2.0016,-7.3596,10.004,25.243,-34.834,17.756,11.337,20.521,-11.999,17.741,-1.2217,14.927,-13.12,-22.082,-2.3875,-21.41,-0.7881,27.374,-7.8095,-8.2289,-10.032,-6.647,-12.873,19.25,-13.585,23.429,-5.2312,27.685,-7.4502,-6.3988,23.904,-46.068,2.9275,-4.3237,2.7245,14.872,4.2315,-9.1182,2.5252,14.495,-3.8694,23.037,-2.3059,-24.21,-10.788,4.8727,6.1116,-12.365,-4.6806,-22.78,9.9729,39.251,2.9523,0.65185,-8.1026,21.095,2.5525,-3.588,-7.9027,-7.7449,2.0311,-3.1857,11.01,-17.563,-20.263,13.473,-14.15,4.9177,5.4407,-19.823,12.118,-14.904,-6.4192,23.013,-27.241,3.3641,0.85633,-1.1755,-6.8969,-10.1,-0.3992,1.0363,30.585,-10.65,-7.136,9.118,7.5575,4.1948,-38.667,-13.286,4.7393,19.46
16.168,201.72,4.0548,-2.4971,15.32,4.6165,-24.095,16.885,-13.913,5.8758,3.5769,-10.379,-21.718,2.967,-6.7916,8.5315,-14.537,3.2271,-14.033,8.3739,-9.2802,-13.94,2.1341,-0.62365,-3.9229,2.6038,5.3096,-18.575,3.2292,-45.212,-7.9093,-12.447,-8.9504,-18.116,-2.0339,-3.8913,10.136,-17.316,-0.0062019,-22.77,-6.2339,-13.236,-1.6442,16.201,10.089,-22.824,4.1655,-22.514,2.9019,-1.6753,11.443,7.196,3.6977,-5.4708,12.059,-30.252,8.7248,-3.6839,-14.261,12.264,15.877,-10.33,19.943,-9.8628,-13.64,-4.986,1.0671,-10.217,-2.61,-10.64,-20.654,2.8639,18.71,-12.342,-2.0645,28.093,-15.004,12.561,-0.71492,2.6757,7.4878,-0.55706,-18.992,8.6396,1.1881,3.828,10.729,35.876,-9.4482,4.8933,27.88,34.495,-2.6559,34.62,14.606,15.213,21.124,-0.56046,-15.863,12.954,-8.1559,7.7928,-7.7161,7.2167,-21.206,13.505,-12.21,9.0516,15.656,7.3586,19.06,-24.065,31.853,-7.398,-1.727,0.81089,8.2237,-21.156,-10.155,-10.21,10.337,-6.1771,20.072,5.8257,-15.589,5.1459,1.2627,-8.0282,9.3892,-16.33,-8.1265,-27.51,-3.1797,-14.992,-11.59,26.999,-4.037,24.45,-4.364,-20.233,-1.1732,9.8282,-1.5197,-14.064,-30.758,4.7085,-2.0607,12.116,16.479,11.352,-6.6388,11.639,6.6736,-0.44238,-12.877,-32.345,5.2051,-8.8317,31.586,2.2806,-11.136,4.5578,-16.077,-15.675,-7.9089,-13.983,23.345,37.865,-11.163,12.93,-5.4649,15.212,-23.442,-2.2416,7.4309,20.077,-14.315,-9.9458,-8.9012,-8.7838,6.1746,24.811,10.531,1.4453,6.7866,15.511,13.308,10.383,19.3,3.1117,32.312,-1.438,-7.4482,13.824,17.392,-12.103,-7.5986,-8.6438,-0.29115,16.393,-1.0533,-18.166,-0.84213,-4.8201,-29.54,17.385,-5.8188,-6.5765,24.286,19.11
-3.3985,4.0548,177.91,-22.231,9.0997,-2.3329,27.98,-17.559,1.1683,8.6501,17.103,-13.11,8.9212,6.9372,-10.698,10.321,2.8827,11.546,19.708,8.2331,-7.6188,22.425,16.045,15.588,23.838,6.5209,-9.2637,1.5952,18.391,-14.005,15.571,-10.431,12.161,2.2271,-14.773,-12.857,3.0715,7.3215,6.385,-30.618,-26.525,12.923,-4.1827,27.932,4.6072,-9.8569,-2.0165,-13.393,12.399,15.871,-7.1329,9.828,1.2404,-18.398,7.3407,19.445,-12.313,9.2575,-4.4568,-14.921,-27.415,1.9089,-4.7866,-30.626,21.252,5.7484,-4.312,2.2845,9.7997,9.4652,0.4448,6.4938,-8.1728,-11.069,-8.1596,15.833,8.1821,14.356,31.541,12.06,3.7561,-4.0569,-11.979,4.7393,-11.4,4.2624,-28.758,11.066,5.7602,19.804,9.7592,2.9823,17.07,0.76793,7.2152,-5.0976,15.081,3.675,26.229,18.87,-7.344,-6.2805,-32.648,12.895,-10.962,-13.456,-25.996,-0.45533,1.171,-3.3024,6.0002,6.3229,-17.463,4.3376,-20.638,-8.2467,-4.6727,-4.5604,-8.5258,7.7065,-16.077,-5.3414,6.1711,-7.8568,19.055,4.0584,4.766,-7.4897,0.63502,-12.285,15.531,-2.6199,15.753,-6.0855,-17.769,-4.1652,6.0056,8.8714,12.314,8.6103,2.4524,1.5872,-11.397,24.164,2.487,-14.143,8.9213,9.4909,7.753,-30.124,-7.6306,-5.1262,7.2097,-8.3609,-7.3197,8.0104,3.6982,9.9561,-4.1481,28.076,-13.877,-12.101,-21.214,19.984,14.297,3.1629,23.374,-12.121,15.029,-1.5241,9.2415,-5.0088,4.4051,-5.1246,-7.7574,-5.7932,-8.4423,28.563,-0.71587,0.57314,3.763,12.643,-14.64,9.7016,-5.0569,-3.4358,1.3832,3.715,-8.1797,-11.579,-13.222,8.7592,-3.5117,-6.0801,-2.3718,-4.7444,-28.999,-9.5682,8.0824,31.566,25.514,14.948,4.6305,-11.421,-13.156,-0.044947,-4.9798,-11.805,-10.862,-8.902
10.293,-2.4971,-22.231,201.94,14.481,-3.4616,8.274,21.635,3.2906,-18.055,11.064,10.544,-2.9803,-3.6349,17.447,12.372,-1.0529,1.895,24.359,8.9636,11.063,-2.517,8.5229,-14.248,-18.235,-27.427,4.2179,-6.8251,3.1543,-4.241,-0.50748,4.2932,-1.9389,-6.5902,3.1232,-7.2476,-11.556,-13.542,-11.45,6.1353,31.044,8.3093,-11.5,-10.54,28.9,-21.931,5.8429,9.1228,-16.153,-14.867,1.384,-2.7112,-0.61489,8.004,-4.2097,-5.971,-10.441,-16.12,30.488,-2.4782,2.1728,6.5986,31.755,9.8044,7.8902,-7.8931,-8.8593,4.6353,-20.558,9.2,-22.003,-13.701,12.079,-10.631,7.274,5.927,8.7483,-8.724,11.163,-12.2,3.1219,0.043225,-23.275,-3.651,-3.7297,10.983,4.2924,16.483,13.544,-2.0245,-8.3264,7.7405,0.5329,-3.8762,-29.097,-14.065,-20.407,-10.396,-34.204,4.9934,-33.887,23.271,-4.3392,-6.7756,-28.433,-2.8244,-4.2385,-15.215,-1.7432,-4.9353,-8.3102,10.48,-8.579,1.2033,-2.5846,-18.297,14.63,-3.05,-5.7822,-22.52,2.4338,-5.5322,-0.28611,0.1166,-0.97413,-3.6683,16.669,-28.888,17.756,-16.462,7.629,-7.2921,-1.9365,27.925,11.586,13.406,-10.526,-12.542,-8.9795,4.4674,1.0039,-8.5235,-22.354,12.105,-7.7582,8.3197,-7.5386,-38.437,-27.74,-5.8841,9.9303,5.0746,4.2797,4.3498,20.317,-6.4637,-4.7951,3.7868,-5.1674,-2.625,9.8129,-1.1384,-13.474,4.0386,-0.65245,-7.1572,3.1202,-15.775,5.7739,16.192,-1.4231,-1.1128,1.6228,1.1459,-20.656,-4.0529,-1.5976,-1.3583,21.686,17.161,-13.137,1.827,-0.88047,-11.722,-2.5354,15.526,-7.0468,-5.5237,-11.006,4.1286,17.044,24.242,-7.3059,12.697,-3.0047,30.153,-0.16589,-10.553,13.351,-15.971,-7.9693,10.714,-12.897,20.713,7.3117,-5.7505,14.114,8.0012,-8.86,18.242
9.8709,15.32,9.0997,14.481,242.98,-15.603,5.6757,-0.69658,16.942,-29.77,-4.0183,4.8259,-33.259,3.3619,-8.0348,-8.2982,12.272,-13.309,-10.571,-4.4989,2.6057,13.891,13.872,-19.13,-21.295,-7.7352,11.552,-13.317,-13.266,-11.094,8.7,-13.12,-10.12,-11.933,-41.192,13.658,6.4049,-2.2294,20.912,24.106,-12.93,-13.857,4.0411,6.0583,8.721,-35.626,13.2,4.6032,-2.4214,-21.148,-17.845,-0.77597,3.2363,16.531,17.38,4.1498,15.646,14.325,-12.613,-2.9789,-7.5129,2.684,2.3695,-0.93916,1.6501,-14.857,2.503,-0.767,-25.84,-26.089,-21.798,2.6196,10.936,5.9549,-5.0334,20.22,-7.4207,5.8133,-7.0463,-1.0383,2.3095,-4.0735,-7.8245,-23.452,-4.6917,-26.923,-11.723,9.8737,7.038,5.8148,5.0503,-2.3721,-6.1745,10.488,-6.0026,13.302,2.4832,-24.082,3.1787,-24.618,-7.0504,5.8799,17.641,-9.5124,-48.505,4.656,27.846,11.496,0.65401,-1.5685,16.844,-9.8554,-10.186,-9.1669,-14.935,13.994,1.2536,8.7432,-2.4775,-9.0385,-8.7131,-17.053,-20.138,18.536,15.052,-5.1281,7.7096,3.5643,-10.857,5.6103,2.5516,-8.9032,-6.2994,-3.5999,2.7073,48.571,-32.989,-1.6941,-26.22,-0.83221,43.406,-3.7185,-4.3603,21.491,-17.214,-21.338,-9.9887,12.192,8.172,19.013,-37.191,12.744,-4.4515,0.92876,7.3638,28.649,0.34892,2.1474,7.6564,10.09,14.074,7.7724,-15.572,1.6726,7.9579,23.976,-4.1438,-7.6565,7.4143,12.844,10.237,-7.4154,11.443,3.4424,0.58839,-3.4245,15.672,7.3528,8.1063,-5.4712,5.3715,19.858,-27.026,-3.8315,1.4354,-6.468,-28.824,-1.5168,9.9421,-16.581,5.7091,-28.947,8.9773,-11.231,-22.138,23.851,3.4813,-6.7731,-10.894,6.971,-19.495,1.0521,24.698,-0.051147,7.7394,-3.1119,13.578,5.1051,-9.4472,13.761
-10.66,4.6165,-2.3329,-3.4616,-15.603,205.99,2.1567,-5.9628,13.04,-10.744,-3.6441,-1.6576,9.653,0.48743,23.39,-6.1606,6.0885,6.1431,-18.821,19.801,-20.07,0.82092,-36.361,0.95994,-10.082,9.4357,4.8487,-6.1834,3.8259,-2.606,19.769,21.144,21.514,6.1332,-11.447,13.657,0.14657,5.9321,-8.9464,-19.419,5.9241,-23.259,5.4471,-11.329,10.452,25.477,22.744,10.47,13.264,31.98,4.8824,7.3769,16.889,20.658,4.0027,-22.17,-18.98,-7.3952,-0.86605,-6.7693,4.2361,8.8223,7.3502,-2.2383,-12.684,-9.8567,-21.779,-11.094,-10.879,15.917,33.477,-0.25139,15.389,-18.721,11.144,-25.176,-7.4605,0.77976,-14.907,4.5086,26.11,-3.6177,24.748,1.2991,-25.338,30.262,1.7982,-2.6061,12.965,-9.1572,11.043,-9.4591,-19.179,-1.5162,15.678,-0.91182,3.0776,-4.7389,-0.91909,-2.3739,-5.4901,3.6867,-6.7898,-16.667,-12.554,1.3145,-8.7449,-7.4385,-12.778,-2.3015,-4.0198,-8.8035,6.092,-6.3488,-7.7993,-17.731,6.4147,21.534,3.148,20.905,26.337,3.5494,6.5064,20.207,8.8291,-6.9794,-11.424,-9.0629,-8.9937,-33.787,13.144,1.106,-1.2655,-1.0851,13.803,-18.308,14.795,-16.384,13.78,-19.441,13.615,0.49182,20.655,-8.5035,13.685,1.003,3.2888,-17.597,-4.5633,2.9282,-1.7723,12.252,14.591,-4.1383,0.61172,-1.5669,-9.9844,7.7779,25.284,-5.5034,-25.675,-9.7618,6.3792,9.8555,-5.8891,-11.465,-24.932,-16.476,1.3348,-3.8973,-17.386,22.912,-10.575,2.9784,8.5258,-4.8647,-10.54,25.051,8.732,3.6214,-28.489,-24.093,-5.528,-1.7187,-8.1648,-0.4232,-3.9942,-8.1502,-30.935,12.899,15.51,-0.28582,3.3187,-19.632,11.747,-9.8753,-2.0663,-7.9342,4.9677,-1.1263,20.474,22.995,23.667,-15.243,-0.88722,-16.733,-33.616,-9.0259,-8.6165,-6.8671
-7.242,-24.095,27.98,8.274,5.6757,2.1567,192.78,9.0925,35.358,-13.834,-1.6143,8.4243,-5.7887,-10.152,10.917,4.3764,11.684,-14.623,3.153,1.2293,-7.9526,22.132,-6.0821,4.0093,8.5689,5.5117,6.9515,7.834,-7.9004,8.5079,14.452,-1.3682,5.906,-15.173,5.9906,-35.706,2.4159,-19.501,-2.7682,-11.843,9.2375,16.246,-11.988,-12.09,4.6845,14.137,6.7504,-17.189,-10.249,-6.5501,-9.5231,-5.8189,15.642,1.8631,-4.5166,-15.836,10.857,-2.4578,31.021,-2.3236,-1.2287,-0.37704,2.2221,-1.9843,19.544,-5.3403,15.306,15.956,2.2774,-8.1219,12.215,12.935,-1.5307,-1.4392,-5.9416,21.253,-2.478,20.832,1.997,-3.372,7.5197,-1.4824,1.1011,-14.854,-2.992,-25.551,27.037,-6.0793,-14.807,24.388,-13.613,4.1086,1.7476,1.1108,7.9468,-28.465,8.5747,-6.063,-12.462,-5.8921,-25.72,10.397,-4.6801,-19.455,6.8714,8.8868,-12.427,8.6268,15.167,-0.15445,-17.65,14.637,-10.299,8.9304,0.43968,10.168,-8.5096,28.296,3.1351,10.227,-18.621,6.3753,-7.5489,20.071,2.105,-17.25,11.257,8.4521,-8.1733,-6.5242,0.30593,28.619,-2.3827,-26.197,7.0916,0.82413,1.7323,-12.858,10.354,26.028,0.63143,37.132,-15.907,22.701,18.725,1.4981,10.002,-8.8865,8.6363,-1.4081,-2.2768,-35.157,14.252,-29.216,-17.628,-1.3041,-2.8851,-0.8414,-0.52688,10.221,-0.39189,-1.8336,4.4682,33.317,-6.1973,11.415,-11.055,2.1457,2.7398,-7.4445,23.165,-0.28863,-5.8944,-7.3227,4.3641,-8.8344,19.519,7.0554,-3.0455,-1.9536,14.534,-22.949,4.3624,-15.04,-16.156,-16.974,3.5652,-18.578,-9.2403,0.4928,18.809,10.32,5.145,-3.6155,-3.8506,-3.1175,-1.5221,-12.853,-2.1543,30.401,2.3996,18.144,20.385,-20.442,0.21548,2.605,-0.063594,-4.7972,2.4435,10.023
-31.227,16.885,-17.559,21.635,-0.69658,-5.9628,9.0925,220.58,-8.1836,-19.043,-0.47484,0.37772,21.167,-13.819,5.4303,-8.5065,-10.598,24.065,-14.978,-8.7364,27.488,-0.3789,5.9059,-14.445,5.0677,22.556,1.7662,-9.354,-41.212,-9.1848,3.8003,-14.476,-9.2031,-8.5976,9.3535,25.762,-4.6964,-10.858,-3.9582,15.237,-3.026,-1.517,-21.946,2.2258,7.4303,6.2814,-3.1002,-0.75515,12.477,-0.2746,-15.763,-13.161,-0.98088,-4.704,-6.1537,12.175,-5.7334,-19.773,4.8886,-13.256,-10.066,-9.3134,-3.0535,-15.309,26.277,-9.0142,-9.9232,-7.5684,-23.305,-13.27,-6.9187,-6.1564,13.418,-18.77,-33.446,6.7346,4.5151,11.214,1.9847,-8.7984,-34.431,-12.552,4.303,12.63,6.3286,-30.804,31.347,-4.5928,0.79188,-2.359,-8.9916,15.623,-9.7023,9.031,-33.152,-9.1328,30.589,-9.0339,-30.399,13.257,4.0972,-6.7095,-15.333,13.129,-34.565,4.1059,11.407,-3.1598,-10.014,1.6751,-19.547,-13.729,-20.991,-16.183,30.97,-12.59,-18.721,-18.59,1.5786,-9.3374,-34.59,1.5708,-18.589,-3.3792,1.7616,5.0884,-34.536,-31.593,-6.2854,-3.1932,4.4854,-20.608,-18.678,20.55,-2.912,8.5838,-15.478,2.2116,-11.909,3.0519,6.7965,-27.617,15.076,-1.0582,-29.779,15.965,-32.158,-14.114,-0.75066,4.8822,-32.926,-15.885,15.688,-30.941,11.76,-8.8229,10.404,-17.553,18.843,-0.87104,9.6271,2.6044,-4.4668,-8.4787,8.9784,1.5201,0.67331,25.807,7.4632,6.4215,2.7213,-3.8154,-6.6365,-4.0976,-6.29,-7.8853,24.699,26.34,-4.6665,0.38079,7.0185,-16.37,1.1388,-30.316,-9.1681,-11.235,-6.1188,-23.162,17.617,-0.81238,-23.273,-3.4495,1.6767,25.784,-7.605,0.47789,19.241,-18.837,-21.535,-25.89,8.2287,4.6308,13.786,27.817,-6.447,4.2975,-0.94526,30.324,8.8701,-4.7778
12.427,-13.913,1.1683,3.2906,16.942,13.04,35.358,-8.1836,214.17,-23.955,10.915,4.1077,9.675,7.5342,-8.3732,-8.6506,13.942,-0.342,18.05,-9.6485,-11.537,-8.9208,-10.854,-12.498,9.7931,-14.607,29.932,1.8274,8.3413,26.37,-1.4467,-7.1867,-18.84,-4.711,10.942,8.8104,35.627,-10.142,13.557,16.321,14.523,-6.9953,30.554,-26.894,-18.993,39.233,-0.32009,-24.948,-4.4988,1.4666,1.5246,-10.299,1.2213,13.06,0.62643,16.845,7.1494,-0.73793,3.8169,-12.318,-2.9078,-13.16,5.8391,3.1118,3.2952,-3.4871,11.113,1.4879,-22.573,13.262,13.102,-6.3689,-18.578,7.777,-22.911,3.3628,-9.0192,0.95236,11.025,-0.90493,36.856,-8.1682,-14.973,-0.82876,-9.7826,-17.132,-30.066,-35.876,15.88,-22.68,-1.4372,2.7807,17.636,-36.799,-19.269,-11.188,1.2948,-10.822,-1.5563,-30.779,2.228,-11.169,1.9698,12.996,-9.3997,-6.5891,9.286,16.584,-1.9666,-3.814,15.193,-1.7967,-2.2752,14.275,12.441,-12.573,-16.534,19.681,-17.436,4.9304,6.0024,-22.236,-9.4191,0.47612,16.604,-8.6785,33.018,18.96,-4.5645,16.291,2.6453,1.4689,-13.908,-5.2145,-3.6765,7.6543,-4.1303,-26.592,3.156,6.844,15.513,6.847,-7.7214,10.589,-2.6737,-12.484,14.095,2.8553,3.4532,7.0347,11.9,-10.47,21.323,0.97824,-13.454,-7.0166,8.5234,28.886,20.332,3.3055,-8.9759,16.975,13.207,-0.43903,26.097,2.2016,0.2329,12.692,6.4802,7.1408,2.9573,-6.96,1.3174,12.045,-1.3976,-15.568,17.087,5.714,-12.584,0.40503,-2.6935,-29.476,8.7899,-5.6808,-18.146,-28.029,-20.851,-18.619,-8.8872,-2.2496,-2.0736,0.028648,-14.894,-17.165,-3.7713,-9.7657,12.807,-7.7866,2.2597,15.353,-8.6734,8.5879,22.624,15.63,-21.457,-5.9224,-17.444,-26.667,-9.1034,3.7143
-10.197,5.8758,8.6501,-18.055,-29.77,-10.744,-13.834,-19.043,-23.955,211.59,-6.6514,3.4087,4.7858,-0.29431,-31.954,-2.7514,-22.506,22.176,16.731,-17.862,5.2291,7.0168,15.889,-14.622,0.23815,-25.375,-25.093,-6.7948,5.4883,-14.008,-3.762,21.924,-5.8956,-23.657,35.052,-6.7986,-12.569,-0.76594,-23.885,-5.6344,6.9955,21.312,-14.74,23.068,-10.637,-1.6373,-3.1556,8.9035,-7.447,13.852,-6.3797,-23.645,-11.286,-35.458,7.7966,7.0799,-9.8357,0.90877,6.4672,4.5422,-5.9547,21.326,16.545,-5.3567,-18.483,-5.9502,-6.3448,4.003,15.479,7.0236,0.96096,-31.443,13.705,2.4604,-4.9455,8.0682,-7.9204,24.284,-1.5997,3.3437,-11.317,28.211,3.6522,39.562,5.3437,32.393,13.577,-4.8201,-10.357,9.8144,23.433,-13.992,21.573,-13.785,16.154,4.5799,-19.614,13.793,18.753,9.4821,-12.803,15.892,-2.7767,11.797,-2.2841,15.352,-3.1524,-2.0909,8.6836,11.621,-26.16,9.6138,-9.9523,27.656,-2.2556,-28.032,14.678,-5.8567,-12.102,-15.272,17.107,16.285,7.8232,10.348,2.2228,9.3306,2.3397,-6.3768,-0.18618,-16.428,-7.1154,-15.6,-5.6574,9.5934,-42.212,1.3833,2.1285,49.89,-32.745,-36.641,11.43,21.761,7.0016,-24.942,-14.379,-11.272,-0.47057,13.87,-10.701,-4.0408,6.4477,-12.724,2.5123,16.018,-3.9577,13.567,13.104,7.0643,-15.64,-26.647,21.456,-28.696,-22.233,10.287,15.165,1.8876,-29.902,13.053,6.5851,-1.0236,10.325,11.124,-3.9814,4.2134,17.808,1.0234,11.932,20.164,-20.156,-3.7682,12.924,18.399,-5.9917,-10.535,-18.982,3.8109,20.761,24.975,16.438,-6.028,1.6652,-4.5427,-0.60409,1.0457,19.397,-9.0834,-19.645,-7.1649,3.783,8.9272,-17.911,-21.736,-29.442,-2.8437,-4.1168,-11.601,1.5813,16.771,-0.80599,-29.471
-7.8045,3.5769,17.103,11.064,-4.0183,-3.6441,-1.6143,-0.47484,10.915,-6.6514,198.29,16.413,11.751,2.1943,4.8329,12.302,0.75641,-13.089,33.38,12.774,-8.9588,-16.816,2.6899,9.9252,3.1229,-2.9741,-10.32,16.286,-9.0585,2.2993,3.0278,-7.0441,-15.759,13.752,-6.9098,18.109,25.529,-11.068,16.603,16.885,20.579,-9.7758,-3.5892,-8.7833,17.587,6.722,13.18,-10.718,9.4628,-13.01,9.4862,8.347,2.0064,1.7575,-11.121,-14.691,-11.783,-24.639,3.2973,3.9711,-12.119,21.878,-1.3122,-8.3072,2.2598,9.2618,-36.58,-7.5567,-9.2565,-2.6236,17.081,2.8893,-5.26,6.1981,0.25293,-15.605,-5.4244,-22.841,21.729,-10.109,9.2759,-16.432,-16.547,1.5996,-17.643,3.5027,1.5032,-7.8647,4.8565,-6.2812,-15.056,-4.1508,-24.251,16.851,23.255,1.5092,12.661,18.351,-2.6334,-2.4541,-17.715,-2.1024,-30.257,10.677,-11.787,-7.7819,7.9263,-9.6838,-0.63006,24.716,-15.513,10.464,-21.545,8.448,-16.6,-9.0407,-8.4942,-5.1249,-16.145,-0.35604,7.6487,0.59501,3.6601,-2.0563,-0.58764,-8.308,6.0819,-5.169,4.5919,16.41,9.0148,-19.676,31.761,8.4495,15.374,-3.2587,-0.085423,-9.9246,6.5193,-4.1811,-8.5922,-28.487,-15.933,-8.4707,3.7326,8.3225,-8.5414,-5.7787,-21.263,5.2064,10.018,8.2242,10.228,-1.438,0.064808,-18.496,1.6071,6.4918,-4.3989,-15.736,-2.2171,30.812,-3.7875,1.5711,2.8331,15.097,18.615,-15.486,-7.8193,-4.5945,-16.86,-15.003,11.58,-31.335,-0.11964,-8.6026,2.7982,-25.86,-5.6161,-14.394,-23.539,-16.705,27.748,-0.24503,36.068,-6.1489,13.852,-11.985,-16.897,-15.29,14.781,-2.4152,5.9373,13.718,0.87409,38.513,4.6911,-12.472,-13.092,-10.995,-7.3966,-13.308,3.4036,-7.0403,13.238,5.3844,13.784,-25.699,-23.824,-8.076
-0.57694,-10.379,-13.11,10.544,4.8259,-1.6576,8.4243,0.37772,4.1077,3.4087,16.413,184.48,-19.833,3.5166,2.4527,-3.8128,18.004,-4.9321,8.5847,-11.652,-10.051,-18.003,3.8601,3.9925,11.746,11.702,26.564,-9.2298,19.839,-6.6745,-30.486,-8.3466,-7.4059,7.7548,24.444,-6.3718,16.211,-1.189,1.6324,4.6708,-18.734,-7.5585,8.4058,-3.8558,-12.534,-1.1403,19.311,5.7196,11.878,-2.3863,-8.1232,15.982,3.9059,-1.0019,-0.030712,25.206,9.2426,-27.845,-4.6932,5.8393,-4.3493,18.816,-3.4544,-7.1565,-29.719,0.8707,-10.254,-6.6127,30.908,-16.533,17.055,26.923,-11.69,-11.391,14.374,1.3448,12.196,-8.6269,12.845,10.698,10.525,-5.9621,-4.8867,1.1362,-0.82891,1.2284,-5.134,16.495,31.334,-1.8089,-2.673,12.551,-4.7739,-7.7304,2.1913,6.9705,-2.6749,7.4312,-17.214,-3.847,-13.38,13.229,-23.096,10.272,-31.988,8.5692,-6.7561,-5.602,20.41,19.538,-6.0962,-24.141,-3.7539,-20.412,3.9244,-10.36,-21.563,7.4286,-31.755,-10.647,-2.4549,-3.177,12.112,23.464,-6.1869,12.478,11.023,41.024,-2.943,16.649,20.165,9.7042,13.955,23.577,-2.3619,-2.1956,-10.631,-15.306,-9.3137,14.531,-25.524,13.186,-10.004,22.617,10.55,-4.4926,8.2752,1.9909,-9.7493,7.6136,-11.37,20.703,-3.0977,-5.4371,-9.3034,-11.813,3.836,-9.4431,-2.1201,0.30892,-10.511,23.149,16.67,-3.986,-17.451,-14.666,18.821,5.0592,26.945,13.67,-6.4277,2.8044,15.645,-11.707,-9.0379,-14.99,11.156,-30.02,-3.9742,11.233,-21.916,5.5229,-4.7184,-12.784,7.0496,-7.4265,-13.589,8.879,-17.071,0.16501,0.19863,8.0541,-0.3957,20.424,-34.85,3.9068,-3.8625,11.315,9.5545,-16.193,3.5576,22.282,-0.22891,-20.808,-8.8894,14.622,-6.0734,31.848,3.6286,1.1511
-17.208,-21.718,8.9212,-2.9803,-33.259,9.653,-5.7887,21.167,9.675,4.7858,11.751,-19.833,229.31,0.19346,-1.1701,3.7804,-0.44318,1.5562,14.894,26.758,-28.648,5.3371,-11.748,12.57,1.9132,-1.5178,22.739,18.638,-6.4902,7.9759,23.934,9.465,-1.0322,-1.257,5.6925,11.701,-7.4026,19.304,-27.708,-15.27,19.464,16.783,8.5979,1.5398,-7.2121,17.947,14.131,-4.6366,-9.045,-6.4094,-21.509,-4.6843,-6.0997,-4.893,19.61,6.3607,4.118,-6.7179,9.6472,-12.78,-11.363,6.9951,-22.146,-36.457,10.909,2.8246,-6.7013,5.0787,24.006,-10.129,12.241,1.0399,5.0085,-13.972,8.6474,-1.1677,-8.1931,-7.3256,9.7268,-18.88,-7.3722,-6.5414,-8.5734,-9.2991,0.19335,9.5678,3.8528,-0.75744,23.135,-28.982,-37.255,-16.019,21.796,-0.06768,-2.9692,12.376,0.85236,-10.625,9.3403,0.87316,-15.466,-16.178,-7.7425,10.931,18.491,7.5992,-14.896,24.039,-9.8293,53.352,10.768,-8.7206,-2.4053,-12.807,-20.082,-1.1541,1.7344,18.177,-12.372,6.601,16.293,-37.682,1.9812,10.347,2.541,-2.8263,7.2369,0.37711,28.188,-4.1237,-10.154,-4.5615,11.38,-6.2778,-8.5596,-26.132,10.848,14.523,-2.4155,-16.055,3.2371,-10.271,-11.902,-12.258,-16.172,13.743,-2.5866,7.4559,2.2937,-30.266,12.83,-37.987,13.096,-20.834,9.9285,11.81,-20.974,-10.582,4.3496,9.4897,-10.02,-1.3478,12.856,0.15344,14.999,-21.982,0.48798,3.5042,18.778,-19.076,21.874,-14.38,-18.305,32.417,23.314,2.2357,-3.4845,18.27,-19.836,-1.9797,12.587,-26.423,6.2242,-13.367,-2.9857,-10.618,1.6079,-10.989,-0.29586,15.049,-19.689,8.1466,-5.6189,13.387,17.994,10.093,8.9114,-8.3364,-4.2184,32.389,-24.523,13.944,-16.651,21.358,-0.076154,-21.333,3.6358,14.494,-25.534,-20.565
2.4067,2.967,6.9372,-3.6349,3.3619,0.48743,-10.152,-13.819,7.5342,-0.29431,2.1943,3.5166,0.19346,238.47,-13.343,-2.17,35.809,13.548,11.095,-10.849,-11.131,23.647,0.093494,-3.2055,-5.792,-25.248,-4.013,4.3878,15.896,5.9897,-26.705,-10.13,-14.67,-3.3355,-3.4267,-3.7648,6.2461,-7.9812,45.864,-7.9384,-29.096,17.396,27.85,-8.305,-19.715,7.0808,-8.6845,-17.955,10.762,-1.8882,-8.7458,0.17862,-0.83901,18.657,-9.0024,-8.0607,-16.966,-1.0699,-20.939,-4.873,-21.51,-27.846,-18.666,18.701,21.968,-7.4499,-10.906,7.4922,-24.373,5.1593,-25.026,-2.3499,1.7847,-12.983,30.373,-7.6243,-40.656,-16.424,-15.397,-6.0319,1.7711,5.0172,1.5091,3.617,7.5949,-4.5248,-21.558,-26.539,-0.42909,-6.7561,-8.2862,1.1879,-15.674,-22.99,-3.7233,-4.9135,-0.088573,5.9826,13.324,-5.4366,-1.0661,12.489,38.398,1.7826,10.494,18.693,-3.531,5.8976,-9.7833,-10.873,7.7853,-15.22,11.223,11.757,-19.278,7.141,-39.347,-2.6647,-15.789,1.1148,19.955,8.1034,13.748,-9.9914,8.3673,15.569,-11.533,-16.85,-2.4515,5.1061,-7.4973,-1.1462,-11.589,-2.3239,-4.1722,5.4895,21.127,-1.0403,-2.9388,33.846,-7.7687,-16.138,-29.479,3.6888,20.95,-0.78151,16.161,42.749,-12.737,-19.442,10.624,6.1679,-0.1326,31.24,1.9633,-18.146,4.1537,-11.784,-26.254,0.40981,-6.5106,13.976,17.034,-17.425,-28.627,-0.81921,-3.4936,2.7025,-6.7062,18.852,6.8477,-14.322,-12.005,0.17111,-9.2804,7.2298,-8.4283,-16.043,19.396,11.488,-41.362,9.1428,7.431,-16.338,9.1421,-0.27112,-26.78,-4.2845,15.845,-24.392,5.6435,-17.565,10.164,12.704,-3.4397,-9.6231,19.081,5.1516,3.5808,9.1127,1.0389,16.116,-12.176,9.029,-18.626,-17.55,-0.049584,5.8515,-3.4222,3.5643
1.4228,-6.7916,-10.698,17.447,-8.0348,23.39,10.917,5.4303,-8.3732,-31.954,4.8329,2.4527,-1.1701,-13.343,215.23,7.7493,9.4209,15.586,-8.9586,11.158,17.505,-6.36,15.954,6.608,-3.7403,31.143,24.809,4.9161,-8.2987,-2.0059,-1.2965,-8.7925,11.983,-0.17324,12.093,-14.13,-17.537,3.7838,28.214,3.127,-18.427,-20.008,-6.3861,21.041,22.314,26.439,0.1791,-11.13,33.153,11.98,-7.8396,-4.7379,-6.3119,12.26,-8.3239,-5.5642,9.0425,3.1988,-6.5927,-16.799,1.1017,-6.1934,18.98,17.51,-1.8177,-24.169,1.7356,-4.4148,11.283,-12.141,-19.113,1.8671,-4.0332,4.6299,21.17,14.339,-8.2087,-15.374,-9.3528,-2.7822,-14.282,17.4,14.494,8.6218,-10.25,27.51,-8.021,34.664,14.524,-9.236,-6.0882,14.158,-7.4389,24.693,-14.994,4.9751,-2.9487,-9.5844,5.4483,-7.1331,-23.814,-11.682,-13.198,-33.498,9.9548,2.2757,-17.64,-32.748,12.788,13.216,-4.7166,17.925,-4.16,11.723,-4.6891,21.166,-1.3258,51.723,-1.4259,10.527,21.943,-16.336,10.496,18.739,-2.8528,4.3472,-8.2149,5.6933,21.109,7.2924,-0.75815,-3.9776,7.6868,9.4025,12.25,-15.789,8.8224,-10.18,21.922,7.4305,11.238,-19.921,-17.188,19.268,16.775,11.185,-25.401,-13.458,8.1813,-22.347,5.459,14.524,-8.1809,-26.195,-1.733,-4.1256,-7.9564,-6.3911,-6.9363,-15.365,-14.396,12.212,-31.68,6.7466,-7.0899,-0.39556,-5.5342,-7.3057,2.0364,7.0559,-12.951,-8.5679,20.54,-15.206,-32.12,-22.255,-23.286,-9.4357,33.963,8.185,2.1373,-20.738,16.883,18.983,-19.768,-10.949,6.9072,4.1158,-40.768,-4.4666,14.297,0.47323,-11.91,-7.1898,15.582,11.348,7.2587,-4.6364,3.0844,-17.023,5.407,3.547,-23.588,6.2423,43.156,0.14957,18.178,-19,-23.177,15.525
23.897,8.5315,10.321,12.372,-8.2982,-6.1606,4.3764,-8.5065,-8.6506,-2.7514,12.302,-3.8128,3.7804,-2.17,7.7493,181.15,13.455,2.4347,3.5194,13.752,-13.398,11.758,-1.2653,-5.03,-13.464,-11.05,-2.4753,4.6068,17.042,-0.93252,3.4463,-7.685,-26.265,20.32,5.0734,1.777,5.3934,26.782,-7.9894,-41.296,-0.04644,-9.2493,11.697,7.0504,-9.8068,-1.55,8.9864,-12.594,16.431,-6.2975,14.432,-11.384,-1.9623,19.742,19.656,-26.603,36.591,-22.667,-10.165,21.358,-0.60934,-23.607,-15.947,10.66,-10.258,-1.2621,9.3138,2.3649,-8.3429,6.6042,14.881,7.14,8.4351,9.9388,-16.962,8.1222,-4.006,-25.496,10.594,10.045,19.271,-13.382,-13.079,0.24689,-3.1513,-6.1063,-3.329,18.566,-5.8193,3.9769,9.1569,14.011,-2.3329,8.963,28.308,13.659,-24.142,-20.913,10.118,22.55,-7.2551,3.4311,-3.0323,-13.421,14.329,-1.3305,-17.451,-35.601,26.366,10.759,3.3557,16.598,5.615,8.2415,8.6044,9.0682,5.3925,-10.268,-6.2494,24.868,-11.85,5.5815,-4.6045,8.2953,-3.4007,-12.264,-6.9304,9.0914,7.1504,-5.4709,-7.2219,0.74855,13.415,-21.068,21.568,-8.1598,17.665,3.8321,8.4253,-7.2143,-5.0558,-1.549,16.372,14.987,16.356,-7.0215,8.3463,29.356,-7.351,-2.193,1.4309,-9.964,-11.253,11.696,10.54,-19.947,0.71644,-7.8282,-3.7914,0.7858,-6.7804,-13.103,-17.301,-8.5109,-1.5706,-12.628,-22.126,-13.624,7.6952,-6.8343,20.033,-7.2986,-14.603,-15.267,-5.1074,18.069,-18.986,-12.464,21.557,-15.5,5.5411,-5.9037,-30.999,-4.1499,16.526,4.1764,21.124,1.5443,22.737,16.329,-5.5607,15.642,16.054,-20.167,14.875,6.5448,-5.4896,2.1917,10.298,16.193,17.064,32.374,-8.1713,-14.702,-3.3754,18.904,18.845,-4.5995,-4.6248,-0.53463
5.8532,-14.537,2.8827,-1.0529,12.272,6.0885,11.684,-10.598,13.942,-22.506,0.75641,18.004,-0.44318,35.809,9.4209,13.455,182.61,-7.0958,-8.292,5.5101,-0.55818,9.9003,-8.4582,-10.962,31.38,-13.352,11.025,13.552,30.507,-0.75275,-3.4057,-15.309,4.8009,-20.947,7.0814,-20.157,-9.3039,-5.8304,3.0035,1.6212,-6.2318,18.399,24.518,-25.862,-6.3053,3.5353,14.3,-6.7162,22.487,5.0761,-0.24841,-1.705,14.323,34.834,-8.8918,11.331,21.122,25.898,-2.6815,-8.8224,-15.596,10.216,17.624,19.528,18.342,-8.076,-0.89536,10.337,-0.25702,11.788,-3.4204,-5.259,10.029,-17.551,30.982,-26.623,-3.7064,-10.304,0.29447,8.3498,6.9494,-3.0055,-17.262,-1.0116,-26.957,-16.749,-3.7468,-4.1268,-9.4967,-18.961,-6.3349,-6.6868,-3.4522,0.7689,-2.7741,-17.722,6.4435,14.192,12.13,-27.357,-1.6464,-7.3279,12.869,-9.1935,29.558,10.254,-12.861,-1.9515,7.09,7.7059,7.0589,9.0828,0.85158,-7.4856,-4.1631,10.794,0.20219,0.78879,17.419,-4.6224,14.969,1.7653,1.4542,-5.4283,7.093,13.087,-3.0452,3.5341,-2.414,18.43,-23.705,6.0469,-0.98262,-4.8472,22.951,-36.161,20.793,-21.388,24.679,22.294,5.9901,10.42,-17.511,20.722,14.08,2.7287,36.139,14.394,-2.9628,-13.736,4.7123,16.01,-0.044627,20.076,-5.0024,-7.0797,-11.086,25.439,-17.092,2.0734,-5.5066,3.0455,21.911,15.014,-10.616,1.08,-13.537,-5.7975,4.659,5.1598,-18.185,-1.4682,17.964,-32.456,3.0949,-13.592,-13.308,-19.213,17.327,1.1067,-31.158,4.4522,21.858,8.4915,2.6108,-0.83068,-13.916,20.397,-15.456,2.4362,-2.2955,-3.3392,-4.6754,-9.5147,10.381,-19.504,-0.33588,1.5263,4.9009,25.934,-3.5742,-12.656,2.6002,-15.422,5.7344,-13.043,13.846,5.068,-4.8241,5.1698
-15.562,3.2271,11.546,1.895,-13.309,6.1431,-14.623,24.065,-0.342,22.176,-13.089,-4.9321,1.5562,13.548,15.586,2.4347,-7.0958,193.96,-4.2623,-19.149,36.72,-18.192,-13.393,-23.295,-13.369,19.061,8.8936,-7.5296,-27.182,-7.4352,-2.3111,-9.6251,13.96,22.08,-3.0057,-2.8271,24.128,-7.6595,-24.164,-4.2093,-3.0611,7.8353,3.5993,-0.72531,-14.598,-1.4361,7.9384,7.6121,9.382,-16.768,-12.448,5.3717,-12.772,-0.79246,-2.3102,-4.2962,7.1384,0.3621,-13.387,-4.1008,-6.8261,-0.9907,-0.60115,-0.1393,1.4636,7.1135,-18.627,-2.1642,-7.3235,10.853,19.532,-6.8753,6.5571,-10.982,-19.318,-3.125,2.074,-9.8392,6.0938,5.5142,12.224,26.72,-7.9299,13.319,23.299,-2.4679,17.759,15.203,18.291,-3.6703,2.2559,1.0769,8.2095,0.48319,1.9377,-3.9093,-10.705,-1.0224,20.805,19.909,-9.8295,-0.04343,-22.316,7.0884,-8.3703,28.804,2.9639,-13.908,9.7403,8.4475,-13.16,-12.1,-17.361,13.633,-5.0172,-6.0194,-14.105,-23.572,-16.115,5.0644,-0.65646,-26.762,-1.5715,-19.751,-6.2254,-2.7537,8.8769,-1.3979,11.891,-10.291,-19.957,-12.846,-2.1519,15.01,21.756,-6.3442,16.701,19.177,-12.914,-8.5276,2.6341,3.0448,-12.203,-2.6159,-7.9829,8.2872,2.0284,-7.8289,6.1618,-8.2108,1.4499,-14.767,20.498,27.294,-14.453,-0.92452,8.7683,12.756,-16.328,-28.901,12.638,16.555,4.429,5.1676,0.11843,-1.4071,-0.93499,39.672,3.4342,-5.1334,5.0807,22.888,-8.0192,11.553,-19.523,-3.4482,3.8555,-4.8406,13.161,9.2055,-0.06258,-0.22811,-19.706,19.497,-10.709,-8.8022,17.111,-14.717,-5.2865,-12.91,-5.0613,-6.4722,-4.7498,13.026,28.003,-22.622,28.034,-14.809,12.047,-12.832,18.6,4.4754,-13.002,8.198,0.38521,14.325,4.5086,8.8002,-23.432,3.0679
-12.529,-14.033,19.708,24.359,-10.571,-18.821,3.153,-14.978,18.05,16.731,33.38,8.5847,14.894,11.095,-8.9586,3.5194,-8.292,-4.2623,247.7,-6.1512,-41.115,8.3566,-7.8408,5.6615,15.504,-18.577,-24.612,1.0683,23.313,1.7695,-22.365,-17.983,-0.94031,31.229,20.563,-26.873,2.4449,24.905,0.98981,24.912,29.535,5.7076,-0.2237,8.0635,11.893,5.0445,-1.3002,-19.784,-9.3178,-22.455,3.127,-9.2139,-3.8025,0.39537,-3.6218,9.0122,-3.7182,-6.473,47.824,-4.8966,-13.55,1.2182,-18.695,1.4884,-6.49,17.445,-11.092,-6.1462,1.1907,20.252,0.054975,8.7738,-30.353,-8.4671,-15.16,10.681,6.6974,-1.4154,22.272,-5.825,-4.1622,-16.183,-20.789,2.9241,-11.438,-21.489,-20.844,-35.408,12.219,44.353,-15.268,-5.9149,-2.2146,-23.238,5.091,-0.28201,-5.4229,10.85,-6.4662,-10.49,-7.645,31.546,-13.664,12.249,-20.051,1.2327,5.2964,16.467,31.524,8.513,1.5859,-0.4226,7.9019,3.0279,-6.962,2.9628,6.7096,12.531,-25.065,-6.5468,1.5643,13.097,15.822,-2.7781,-10.996,-16.232,26.13,-7.6004,-9.0113,-5.3242,21.687,8.2492,0.28866,28.138,1.5127,-0.77344,-7.4928,-3.5713,-7.3107,17.014,-5.128,23.601,-4.3584,23.344,-1.827,-4.9263,-1.6523,-3.802,-3.1564,-0.79505,17.961,-14.672,-2.8097,3.7709,-7.6461,6.4672,9.3146,7.1889,-19.05,-3.5787,15.579,14.143,-0.45941,-12.812,-0.88258,-11.237,51.333,-6.4275,-17.118,15.16,-7.3057,-18.922,12.142,-18.875,-22.197,-9.3495,15.153,-6.013,-29.838,-20.982,-15.251,7.4505,4.5796,0.44183,-19.434,-23.922,5.2862,15.111,-2.1094,-9.9765,32.568,8.3154,-18.182,15.183,2.1507,-30.603,-38.901,19.622,12.296,3.2045,-8.8111,-12.588,9.9583,7.1787,-10.169,-18.722,27.141,-3.3193,19.226,22.685
-11.646,8.3739,8.2331,8.9636,-4.4989,19.801,1.2293,-8.7364,-9.6485,-17.862,12.774,-11.652,26.758,-10.849,11.158,13.752,5.5101,-19.149,-6.1512,198.22,-3.2162,10.625,6.9634,-4.0348,-19.416,11.343,-11.901,-0.16468,-10.721,-27.502,13.449,21.29,-14.536,-0.065254,-1.5826,18.407,5.6037,25.925,-2.5867,-7.0592,0.10284,-12.652,-10.52,-0.54068,6.8926,-4.8875,-2.9054,-0.19054,10.319,1.3474,9.693,0.10971,11.396,1.6113,9.2715,-9.1487,24.392,-9.0887,-5.6519,4.4673,5.8244,-5.3368,5.3349,-6.3237,8.7028,34.534,4.2608,3.8729,0.58235,-19.22,-17.12,-0.15344,-3.3597,-38.669,8.3161,2.536,-23.503,-14.601,-3.3605,16.227,9.585,-21.972,-18.209,-18.332,-4.5932,9.6003,1.4185,-5.4217,-21.961,-3.389,-7.5176,-16.297,16.62,-4.5176,6.5093,-9.8634,-20.99,-12.796,-18.259,-11.92,-0.53501,-9.2511,2.0725,-11.434,8.1026,16.184,4.082,36.575,9.2014,12.148,-3.7244,17.235,6.4409,-15.163,-9.3154,12.645,11.717,-23.568,0.80298,12.654,8.8442,-11.406,9.7428,29.049,-13.14,-19.926,10.77,-8.8493,17.736,-4.8418,-14.724,2.0632,-4.8162,0.95575,35.346,-29.103,20.023,13.177,33.51,-4.1708,21.099,-7.6559,2.6127,11.263,15.454,7.3554,-2.641,-7.4095,-3.0917,-8.8269,33.087,10.195,-2.0112,7.0641,18.221,0.60111,-3.6135,1.4886,0.40582,12.219,-24.098,-23.641,-3.9309,-14.578,1.558,-5.475,-20.832,-4.4305,11.146,-24.377,-5.8987,1.1918,3.5449,-19.579,23.632,-10.981,-1.0212,24.568,-1.9576,-31.398,-4.929,12.097,-4.4571,12.51,13.898,24.965,24.79,14.852,-0.91172,14.264,2.1981,-6.7332,-11.817,-2.4808,-6.9166,18.687,-9.4851,-7.3968,0.14623,1.5757,11.724,4.3102,-8.5597,20.086,-6.4445,-21.943,1.263,-20.229,-12.788,-3.3961
-1.0857,-9.2802,-7.6188,11.063,2.6057,-20.07,-7.9526,27.488,-11.537,5.2291,-8.9588,-10.051,-28.648,-11.131,17.505,-13.398,-0.55818,36.72,-41.115,-3.2162,213.24,-4.3396,17.29,-11.022,-13.066,11.729,2.4636,-19.588,-32.74,-17.756,27.376,-4.7537,24.475,-12.224,14.124,29.375,-23.853,-2.5407,9.7235,32.336,29.011,2.2492,-23.128,-12.448,-16.414,-0.29743,20.29,23.318,14.885,-17.872,-16.631,-0.008199,-1.175,8.5989,-3.3718,-1.4814,9.1786,4.6301,23.92,-31.899,-6.8348,-2.3636,-19.629,2.1934,1.6895,-25.581,-12.431,14.895,-5.0187,16.658,-13.988,-0.17149,14.086,-2.9039,-23.883,3.1621,24.609,-1.4212,1.1691,-3.9706,28.206,10.141,-5.3915,-12.709,-13.871,12.449,-2.6155,-2.4334,4.4469,8.9594,6.8298,-3.3711,10.379,-6.2497,-5.968,0.69038,-19.984,24.997,5.881,-1.7151,-9.0559,14.92,-1.4911,-14.144,-15.184,7.6696,-26.83,-8.9079,-21.799,22.045,1.889,11.653,-6.1628,11.544,16.268,19.376,-2.1591,-9.5617,27.889,5.1632,6.413,-16.676,4.3533,-36.524,13.013,-14.618,2.5756,6.5371,13.778,-1.73,-17.859,23.035,-14.713,-16.515,-16.961,-26.452,-0.71269,7.9409,-17.711,-11.77,14.03,-12.337,12.002,7.3695,-4.663,32.483,-13.83,26.183,0.49719,-25.877,2.6634,-4.1756,-13.104,-8.93,-2.0083,-4.1722,16.92,-0.8699,-41.454,6.7826,22.164,6.4433,-23.149,11.831,-4.0635,1.292,16.903,17.062,9.0284,-1.0985,13.147,5.6339,-6.3377,17.065,1.3349,-11.766,5.2876,20.416,10.437,5.3253,-23.705,-11.106,18.023,9.8636,1.8876,6.6793,17.861,-4.3311,-10.131,-4.455,-22.758,-8.07,-8.8808,18.347,-2.8565,7.169,-10.792,-29.594,7.2051,-24.536,-4.697,-19.7,1.8243,-11.361,16.417,-7.2023,-3.1522,6.8314,-15.534,14.979
5.7501,-13.94,22.425,-2.517,13.891,0.82092,22.132,-0.3789,-8.9208,7.0168,-16.816,-18.003,5.3371,23.647,-6.36,11.758,9.9003,-18.192,8.3566,10.625,-4.3396,194.18,11.314,-6.5673,-9.3521,-10.838,-5.3212,7.5348,13.89,20.999,1.6521,-27.715,-9.5142,-17.997,-20.744,4.2261,-16.448,0.8938,0.72889,-10.615,-40.54,4.8715,15.958,15.609,-2.0835,-7.1187,-7.4487,-11.443,-11.795,1.3552,16.266,-6.4788,-6.0696,16.383,-1.5482,13.689,18.247,-1.9302,-5.1254,8.5841,6.1034,4.1181,-13.949,17.013,13.233,-6.3361,18.87,12.696,12.06,3.6745,-7.3402,-8.5208,-30.661,-7.7898,-7.967,11.975,12.544,20.003,23.987,22.021,12.02,5.6432,15.184,3.8549,-9.1097,-0.2504,3.9843,-4.984,14.041,-4.3091,11.882,-12.269,5.202,-6.1795,3.1278,-0.5217,-1.4682,-23.059,12.542,4.4482,-19.216,15.623,2.0271,-9.1476,9.7396,-15.327,-8.8647,1.7317,2.6511,-13.799,-3.4293,18.138,16.395,2.8207,10.364,-0.051216,18.416,-2.301,-11.849,-16.873,-0.89375,28.622,-11.309,12.154,-14.456,1.4822,-11.468,-10.272,-3.0696,19.607,-1.9239,29.108,0.28804,-20.899,-8.3854,-22.526,4.0575,-17.069,-0.34471,-18.442,18.481,-8.7091,-17.134,7.0932,-12.876,6.4156,8.5654,-14.497,-12.439,14.529,20.09,-18.541,3.7669,-13.331,31.997,-1.3415,-4.9328,-14.011,-21.254,-8.7114,-2.4048,10.818,-10.206,-4.6749,19.509,8.286,-20.267,-24.868,20.95,4.9456,10.404,-9.0779,1.477,26.553,-6.3011,-17.997,0.71153,1.2854,-3.061,-21.72,9.1928,23.217,-8.1446,-6.8357,8.7387,8.1883,-19.289,14.995,35.315,-1.698,-10.821,21.238,-16.702,-4.9607,4.0409,-20.975,-11.144,-0.88663,17.94,7.7361,4.2129,14.054,-1.9875,-0.82558,-5.996,-10.228,-12.648,-6.5582,-8.3633,-0.56584
24.553,2.1341,16.045,8.5229,13.872,-36.361,-6.0821,5.9059,-10.854,15.889,2.6899,3.8601,-11.748,0.093494,15.954,-1.2653,-8.4582,-13.393,-7.8408,6.9634,17.29,11.314,195.76,-2.6574,-0.1746,-0.18959,-18.079,-17.404,9.8553,-1.0318,0.11022,-15.181,-17.822,-25.837,6.2853,8.5497,-11.492,12.318,9.5729,5.4071,-6.854,-1.6396,5.6194,17.942,-9.9731,-19.819,-18.122,-1.9433,-4.8228,-8.2409,1.2434,7.357,26.277,-8.9118,-1.4732,19.414,15.641,-8.3484,-23.846,1.3672,-8.6179,2.3605,1.7693,-7.3852,17.479,-6.3831,6.3941,10.652,0.12861,-2.5022,-14.164,-7.2451,-11.399,-1.1009,-19.041,19.036,18.203,-16.322,0.22807,5.1691,-17.051,7.5569,-16.172,11.858,-16.043,11.453,0.86433,-12.155,-5.8464,-27.229,-6.3893,13.286,5.0774,19.324,13.346,-16.406,-6.6766,-4.6077,-4.6344,-3.8974,-44.599,13.286,-19.069,7.0349,-3.6414,18.852,-20.088,10.712,-10.001,3.5847,7.6344,14.576,4.9074,28.484,8.859,-13.538,10.554,3.1489,-4.4325,-7.7707,2.8015,4.5075,-1.4468,-1.9064,4.7251,6.2829,-15.539,-25.473,-8.3194,-7.5404,2.1499,7.1306,-6.7424,-7.4753,-12.393,-5.627,5.203,-21.223,-5.6497,12.251,1.0522,-22.423,6.92,11.529,-32.694,16.726,-38.312,-0.013108,7.3036,1.3124,2.9754,15.561,3.6326,-10.994,22.431,6.1079,-8.5506,1.1768,-6.8147,6.4026,0.10952,-3.2228,-22.327,0.25522,-9.4051,-7.5288,18.285,4.4788,-5.2025,5.1579,8.9724,1.6432,-13.702,8.3856,3.8812,-20.142,-9.964,0.97208,-4.075,-5.3283,-0.88481,-5.9705,-3.4408,16.689,9.7052,-2.9847,22.251,21.345,-0.47928,-22.235,14.828,-5.3716,7.3028,16.175,-3.0743,-9.0843,9.3984,-2.7892,21.526,3.7513,12.054,-10.111,-9.9092,-0.18179,22.082,-4.9553,-13.481,-13.127,2.6759,13.177
8.0998,-0.62365,15.588,-14.248,-19.13,0.95994,4.0093,-14.445,-12.498,-14.622,9.9252,3.9925,12.57,-3.2055,6.608,-5.03,-10.962,-23.295,5.6615,-4.0348,-11.022,-6.5673,-2.6574,202.37,-16.643,11.285,10.784,5.2393,-9.1146,-13.627,2.8223,-5.3536,2.1287,4.7548,-4.5202,-7.0893,-15.313,1.9004,-3.7872,-3.681,13.183,-17.625,5.6242,21.785,14.208,-6.5507,33.242,-4.514,-9.0631,-1.2604,12.236,15.459,8.5575,-1.0108,-1.7348,-5.2403,-24.935,-9.3304,-7.165,21.222,0.42901,-8.7808,-12.565,10.379,-4.5191,-6.3679,-4.2729,-6.2936,0.068393,-26.787,19.518,-9.5888,-10.787,-37.06,30.649,17.085,14.693,-0.34348,-0.89054,-21.689,-12.741,-0.52025,2.9801,-17.2,-5.6714,2.0993,-13.178,-7.5959,21.56,13.563,-7.3145,-1.1797,4.5125,6.2498,16.37,-14.158,0.041417,-0.38215,2.6608,0.045471,0.16783,-14.952,2.7554,7.883,19.298,6.2741,-7.8071,2.4347,0.86323,2.3951,-8.9421,-5.5009,-14.459,-22.527,-7.4334,11.019,30.339,0.77042,1.1236,9.1144,18.274,14.634,-13.427,-14.288,-21.57,-16.514,17.798,14.77,-0.35764,-48.142,-0.028883,6.3043,27.389,-10.531,-13.147,-7.638,-8.7054,-12.811,18.743,0.15302,-10.183,-21.93,-15.782,-15.178,29.797,-20.325,-14.842,-12.474,6.7336,3.3933,-9.6061,7.9109,-1.849,-20.518,-6.8105,-4.5764,4.2317,6.1784,14.247,26.57,-22.795,2.3238,-19.32,0.27015,-1.853,-19.222,14.493,-4.8507,31.999,-15.183,-7.8348,-5.9525,-8.0906,-2.4356,-3.7408,-14.183,2.2513,-15.123,12.628,-3.7754,2.4956,13.532,5.4613,-12.137,-1.8295,16.384,8.4462,6.1731,16.496,12.827,0.097303,-16.372,2.4694,0.22933,-16.109,-15.146,-17.957,5.2775,10.074,6.9624,27.748,5.2552,8.9172,-12.269,-11.58,-1.2241,-38.965,-25.686,-18.181,19.234
-6.9224,-3.9229,23.838,-18.235,-21.295,-10.082,8.5689,5.0677,9.7931,0.23815,3.1229,11.746,1.9132,-5.792,-3.7403,-13.464,31.38,-13.369,15.504,-19.416,-13.066,-9.3521,-0.1746,-16.643,201.53,-4.8381,11.767,20.535,12.299,6.6573,-18.858,1.0414,17.092,17.441,21.372,-11.373,13.014,-21.151,-13.942,-10.051,-8.4341,1.436,9.5868,-16.495,10.874,4.6524,-6.1054,-3.9354,10.151,-11.822,-14.694,3.9535,-13.057,7.2621,1.1341,20.322,16.872,36.176,16.14,1.0442,-15.441,22.557,3.4925,4.4422,19.11,-29.519,6.4084,8.4113,11.212,2.8371,8.496,-19.47,24.413,-4.3298,-4.0402,10.661,5.9798,6.7696,-15.533,-5.9926,-12.143,12.759,-15.944,13.646,-9.0923,-14.341,-3.6492,-18.606,-1.4647,-12.288,-16.961,0.93664,10.266,-14.35,-17.678,-10.915,14.465,19.675,15.61,18.822,11.899,1.5983,-30.439,-7.8048,-5.0455,5.3329,-36.184,-4.2611,-5.5988,-6.6815,11.624,-22.657,-10.29,5.8662,17.807,4.4342,-3.0136,-0.67648,-12.17,19.787,-26.497,-3.201,21.88,1.8418,-21.312,5.5283,-0.064424,29.212,0.30734,12.918,1.9685,9.6538,4.9148,18.73,-15.055,11.298,0.11502,-14.133,11.318,-2.5013,1.8497,5.2405,6.3817,-3.7067,-14.425,7.5993,12.605,-5.2219,-0.24662,-15.034,-6.5087,-0.49007,-4.0108,-8.8635,-0.29222,-24.066,14.488,-4.877,11.246,13.113,-24.917,6.4856,25.873,23.911,1.8874,16.502,10.096,-23.415,3.6304,-7.9943,-21.053,-2.7825,13.792,2.8917,-4.0869,-7.6776,12.721,22.664,-8.3752,11.549,0.84756,-2.4726,28.836,6.4561,-9.0245,-19.665,-3.539,-8.8656,-9.4394,5.0421,21.975,-2.2939,-6.985,-4.5515,16.518,-1.8325,2.2663,1.3345,13.191,8.4917,0.96177,-12.002,23.973,6.402,3.6182,12.631,-5.8214,-0.78044,36.313,-14.904
